1.100000000000000066e-03 1.000000000000000048e-04 7.499999999999999722e-03 0.000000000000000000e+00
1.100000000000000066e-03 1.000000000000000048e-04 7.400000000000000328e-03 0.000000000000000000e+00
3.819999999999999785e-02 3.950000000000000039e-02 4.490000000000000241e-02 1.980000000000000163e-02
4.000000000000000083e-02 4.009999999999999676e-02 4.979999999999999705e-02 1.789999999999999925e-02
8.399999999999999481e-03 6.999999999999999929e-04 1.129999999999999928e-02 1.000000000000000048e-04
8.300000000000000086e-03 8.000000000000000383e-04 1.069999999999999944e-02 2.000000000000000096e-04
4.050000000000000128e-02 9.539999999999999869e-02 8.699999999999999400e-02 7.900000000000000772e-03
6.899999999999999883e-03 4.179999999999999688e-02 7.400000000000000328e-03 2.899999999999999800e-03
5.650000000000000161e-02 5.390000000000000346e-02 7.149999999999999412e-02 3.269999999999999990e-02
5.990000000000000185e-02 5.290000000000000258e-02 7.820000000000000562e-02 3.169999999999999901e-02
2.709999999999999909e-02 4.479999999999999954e-02 3.950000000000000039e-02 1.880000000000000074e-02
2.790000000000000119e-02 4.689999999999999725e-02 3.769999999999999740e-02 1.559999999999999928e-02
0.000000000000000000e+00 0.000000000000000000e+00 0.000000000000000000e+00 0.000000000000000000e+00
5.999999999999999474e-04 3.529999999999999805e-02 0.000000000000000000e+00 1.000000000000000048e-04
5.000000000000000104e-04 3.500000000000000333e-02 0.000000000000000000e+00 1.000000000000000048e-04
3.370000000000000079e-02 3.099999999999999891e-03 7.159999999999999698e-02 2.000000000000000096e-04
3.130000000000000143e-02 4.799999999999999580e-03 7.009999999999999565e-02 5.000000000000000104e-04
1.559999999999999928e-02 5.700000000000000205e-03 1.720000000000000001e-02 8.000000000000000383e-04
1.349999999999999985e-02 1.439999999999999961e-02 1.870000000000000134e-02 3.700000000000000164e-03
1.299999999999999940e-02 1.450000000000000074e-02 1.839999999999999969e-02 2.299999999999999961e-03
