5.871144444958797254e-03 6.780322563999924973e-03 1.433157024122048637e-02 1.744621302820789513e-03
5.153930774878239841e-03 5.952044521099460542e-03 1.258083864415531113e-02 1.531499949866986683e-03
4.863709429007527507e-02 5.616880847575596303e-02 1.187240306692827901e-01 1.445260146488597935e-02
4.498430840558802907e-02 5.195036916017834600e-02 1.098075139713130116e-01 1.336716946292060282e-02
7.205495461205697026e-03 8.321304971871610820e-03 1.758874531076019820e-02 2.141126146162494574e-03
7.288892385300090385e-03 8.417616355709377912e-03 1.779231871740441506e-02 2.165907694586113354e-03
1.169225071253036236e-01 1.350285827121566473e-01 2.854099638248043802e-01 3.474373669773538759e-02
2.862182914753619994e-02 3.305407247451094127e-02 6.986640487313125480e-02 8.505028844821594172e-03
9.358804398840002425e-02 1.080806531544327292e-01 2.284501154301953607e-01 2.780985832697183135e-02
9.408842547615083041e-02 1.086585213918455778e-01 2.296715557313728506e-01 2.795854760063069475e-02
6.269781815675502801e-02 7.240691063678873773e-02 1.530465130450575639e-01 1.863077126139868478e-02
6.318152031131145374e-02 7.296551665705286460e-02 1.542272387909225384e-01 1.877450424071314128e-02
0.000000000000000000e+00 0.000000000000000000e+00 0.000000000000000000e+00 0.000000000000000000e+00
0.000000000000000000e+00 0.000000000000000000e+00 0.000000000000000000e+00 0.000000000000000000e+00
0.000000000000000000e+00 0.000000000000000000e+00 0.000000000000000000e+00 0.000000000000000000e+00
5.065530016061765145e-02 5.849954431969952434e-02 1.236505078605835278e-01 1.505231502809927652e-02
5.002148341892330430e-02 5.776757766559326157e-02 1.221033496806389895e-01 1.486397522484441715e-02
1.170893010151844056e-02 1.352212055279804204e-02 2.858171107398636834e-02 3.479329980697147811e-03
1.851412024397317002e-02 2.138113078628233951e-02 4.519330383001090440e-02 5.501504669733586241e-03
1.868091411750415209e-02 2.157375358322444550e-02 4.560045070516009769e-02 5.551067774111302644e-03
