2.12192932e-03 1.63225333e-04 2.64425039e-02 0.00000000e+00
1.46902799e-03 0.00000000e+00 2.37492859e-02 0.00000000e+00
6.69223864e-02 6.88810903e-02 7.48388150e-02 2.73402432e-02
6.14543377e-02 6.44740064e-02 7.04317310e-02 2.37492859e-02
1.48535053e-02 2.44837999e-03 1.79547866e-02 0.00000000e+00
1.35477026e-02 2.61160532e-03 1.93422019e-02 1.63225333e-04
6.74120624e-02 2.07377785e-01 2.88745613e-01 8.56932996e-03
1.83628499e-02 8.80600669e-02 2.79115319e-02 5.71288664e-03
9.58948829e-02 8.92842569e-02 2.29005142e-01 4.37443891e-02
9.92410022e-02 9.06716722e-02 2.28107402e-01 4.23569738e-02
4.43972905e-02 7.49204277e-02 1.59552763e-01 2.79115319e-02
4.74169591e-02 7.97355750e-02 1.57757284e-01 2.42389619e-02
0.00000000e+00 0.00000000e+00 0.00000000e+00 0.00000000e+00
0.00000000e+00 0.00000000e+00 0.00000000e+00 0.00000000e+00
0.00000000e+00 0.00000000e+00 0.00000000e+00 0.00000000e+00
6.37394924e-02 5.63127397e-03 1.78242063e-01 2.44837999e-04
6.12094997e-02 8.48771729e-03 1.75059169e-01 0.00000000e+00
2.02399412e-02 3.42773198e-03 3.27266792e-02 8.97739329e-04
2.42389619e-02 2.65241165e-02 3.28899045e-02 6.93707663e-03
2.52999265e-02 2.78299192e-02 3.38692565e-02 4.40708398e-03