2.098669017689550834e-03 2.621728001820146717e-03 3.211097207212331491e-03 7.685057732779703582e-04
2.074546385302314822e-03 2.591593197201523882e-03 3.174188043911040265e-03 7.596723735851201691e-04
3.435062851942437268e-02 4.291196177691825736e-02 5.255864854103862310e-02 1.257876116261873525e-02
3.565325066833513468e-02 4.453924122632387655e-02 5.455174335930835366e-02 1.305576474603264980e-02
4.945139639383424116e-03 6.177634946817585695e-03 7.566378476764688832e-03 1.810846937034298314e-03
4.824526477447243188e-03 6.026960923724474124e-03 7.381832660258232266e-03 1.766679938570046935e-03
5.567503554974119473e-02 6.955112905978043381e-02 8.518634889938000998e-02 2.038748649109834235e-02
1.423235310846936857e-02 1.777953472498719836e-02 2.177640634776178974e-02 5.211705818781638480e-03
5.176716910300892954e-02 6.466929071156361786e-02 7.920706444457085993e-02 1.895647574085660911e-02
5.372110232637505867e-02 6.711020988567202583e-02 8.219670667197542802e-02 1.967198111597747573e-02
3.140766736818156185e-02 3.923551561344632704e-02 4.805573061828110476e-02 1.150108640009100784e-02
3.090109208804959692e-02 3.860268471645526139e-02 4.728063818895398424e-02 1.131558500654115083e-02
0.000000000000000000e+00 0.000000000000000000e+00 0.000000000000000000e+00 0.000000000000000000e+00
8.684147659405040687e-03 1.084852966270405568e-02 1.328729878846482242e-02 3.180023889426085437e-03
8.587657129856096638e-03 1.072799044422956607e-02 1.313966213525965751e-02 3.144690290654684681e-03
2.619717877253853466e-02 3.272639781582389884e-02 4.008335134520220333e-02 9.593072066435354844e-03
2.573884875718104523e-02 3.215383652807007192e-02 3.938207724247767133e-02 9.425237472271200817e-03
9.480194528183834290e-03 1.184297821511859361e-02 1.450530117740743072e-02 3.471526079290142546e-03
1.213368409077981991e-02 1.515780672316705512e-02 1.856530914054945955e-02 4.443200045503668989e-03
1.162710881064785672e-02 1.452497582617598253e-02 1.779021671122233902e-02 4.257698651953812849e-03
