1.299999999999999940e-03 1.000000000000000048e-04 7.700000000000000247e-03 1.000000000000000048e-04
1.100000000000000066e-03 0.000000000000000000e+00 7.199999999999999803e-03 0.000000000000000000e+00
3.699999999999999817e-02 3.799999999999999906e-02 4.630000000000000088e-02 1.830000000000000029e-02
3.640000000000000180e-02 3.590000000000000135e-02 4.710000000000000298e-02 1.559999999999999928e-02
7.300000000000000065e-03 1.100000000000000066e-03 9.299999999999999239e-03 0.000000000000000000e+00
7.599999999999999985e-03 1.299999999999999940e-03 9.400000000000000369e-03 1.000000000000000048e-04
3.749999999999999861e-02 1.040999999999999981e-01 8.169999999999999485e-02 6.899999999999999883e-03
9.799999999999999684e-03 4.560000000000000164e-02 1.490000000000000005e-02 3.399999999999999811e-03
5.480000000000000149e-02 5.140000000000000124e-02 7.099999999999999367e-02 3.009999999999999828e-02
5.759999999999999842e-02 5.059999999999999915e-02 7.499999999999999722e-02 2.889999999999999861e-02
2.560000000000000123e-02 4.130000000000000338e-02 3.769999999999999740e-02 1.739999999999999880e-02
2.670000000000000151e-02 4.479999999999999954e-02 3.649999999999999772e-02 1.490000000000000005e-02
0.000000000000000000e+00 0.000000000000000000e+00 0.000000000000000000e+00 0.000000000000000000e+00
0.000000000000000000e+00 0.000000000000000000e+00 0.000000000000000000e+00 0.000000000000000000e+00
0.000000000000000000e+00 0.000000000000000000e+00 0.000000000000000000e+00 0.000000000000000000e+00
3.200000000000000067e-02 2.299999999999999961e-03 6.890000000000000291e-02 4.000000000000000192e-04
3.059999999999999873e-02 3.200000000000000153e-03 6.669999999999999540e-02 2.000000000000000096e-04
1.159999999999999920e-02 2.000000000000000042e-03 1.370000000000000037e-02 5.999999999999999474e-04
1.260000000000000009e-02 1.409999999999999969e-02 1.770000000000000046e-02 4.400000000000000265e-03
1.280000000000000061e-02 1.490000000000000005e-02 1.830000000000000029e-02 2.799999999999999972e-03
