2.275956216947485136e-03 2.549772475710244696e-03 3.559045627844053920e-03 8.152256794982168505e-04
2.053308326159144180e-03 2.300338211782068740e-03 3.210878120772352965e-03 7.354753412864347426e-04
3.453516172672488338e-02 3.869002582708153809e-02 5.400464887467716635e-02 1.237016357151641925e-02
3.339718361825114168e-02 3.741513958922642463e-02 5.222512606075514069e-02 1.196255073176731229e-02
4.378741852170704892e-03 4.905540523920798139e-03 6.847294305743451687e-03 1.568423318165047689e-03
4.551912433894970272e-03 5.099544951420489393e-03 7.118091255688107841e-03 1.630451358996433701e-03
5.694838273275119878e-02 6.379974172918460862e-02 8.905351125322838457e-02 2.039836428483581335e-02
1.823238839011192061e-02 2.042589472389619992e-02 2.851105030131595441e-02 6.530666584675931877e-03
5.128323084491452633e-02 5.745302545812323164e-02 8.019458246218177933e-02 1.836916123478047128e-02
5.247068626245234013e-02 5.878334153240683674e-02 8.205147583323084415e-02 1.879449637190997585e-02
3.018115852908621194e-02 3.381220022137498837e-02 4.719603984749723424e-02 1.081060140204157145e-02
3.040380641987455723e-02 3.406163448530316606e-02 4.754420735456893476e-02 1.089035174025335291e-02
0.000000000000000000e+00 0.000000000000000000e+00 0.000000000000000000e+00 0.000000000000000000e+00
0.000000000000000000e+00 0.000000000000000000e+00 0.000000000000000000e+00 0.000000000000000000e+00
0.000000000000000000e+00 0.000000000000000000e+00 0.000000000000000000e+00 0.000000000000000000e+00
2.562924609519124514e-02 2.871265526995449985e-02 4.007794859180912467e-02 9.180150043045136668e-03
2.491182511376214409e-02 2.790892264174148554e-02 3.895607551346698394e-02 8.923176731029394682e-03
6.902084614438567904e-03 7.732462181773459842e-03 1.079319271922272658e-02 2.472260484565244262e-03
1.207246341163448720e-02 1.352488008854999674e-02 1.887841593899889509e-02 4.324240560816628408e-03
1.207246341163448547e-02 1.352488008854999500e-02 1.887841593899889162e-02 4.324240560816627540e-03
